Using adapter: Default Adapter
Disconnecting any connected UART devices...
Searching for UART device...
Connecting to device...
Discovering services...
Sending message to device...
Subscribing to RX characteristic changes...
Waiting 60 seconds to receive data from the device...
00)

(9.6500,1.2900,-1.32
00)

(9.6700,1.2800,-1.21
00)

(9.6600,1.2700,-1.19
00)

(9.6400,1.2700,-1.18
00)

(9.6800,1.2900,-1.18
00)

(9.6500,1.2900,-1.21
00)

(9.6500,1.2900,-1.21
00)

(9.6500,1.2900,-1.25
00)

(9.6500,1.2900,-1.28
00)

(9.6600,1.2800,-1.23
00)

(9.6600,1.2900,-1.29
00)

(9.6700,1.2900,-1.33
00)

(9.6500,1.2900,-1.25
00)

(9.6500,1.2700,-1.22
00)

(9.6300,1.2800,-1.16
00)

(9.6500,1.2900,-1.17
00)

(9.6500,1.3000,-1.20
00)

(9.6500,1.2900,-1.20
00)

(9.6600,1.2800,-1.24
00)

(9.6300,1.2900,-1.24
00)

(9.6500,1.2900,-1.33
00)

(9.6600,1.2900,-1.31
00)

(9.6700,1.2900,-1.31
00)

(9.6500,1.2700,-1.16
00)

(9.6400,1.2700,-1.27
00)

(9.6500,1.2900,-1.24
00)

(9.6500,1.2700,-1.16
00)

(9.6700,1.2900,-1.20
00)

(9.6500,1.2900,-1.19
00)

(9.6600,1.2800,-1.20
00)

(9.6600,1.2800,-1.25
00)

(9.6500,1.2800,-1.24
00)

(9.6600,1.2900,-1.34
00)

(9.6400,1.2700,-1.32
00)

(9.6600,1.2700,-1.20
00)

(9.6500,1.2800,-1.18
00)

(9.6500,1.2600,-1.19
00)

(9.6400,1.3000,-1.19
00)

(9.6500,1.2800,-1.18
00)

(9.6600,1.2800,-1.16
00)

(9.6400,1.2900,-1.18
00)

(9.6600,1.2700,-1.23
00)

(9.6600,1.2700,-1.22
00)

(9.6500,1.2800,-1.26
00)

(9.6600,1.2700,-1.30
00)

(9.6500,1.2700,-1.28
00)

(9.6500,1.2800,-1.19
00)

(9.6600,1.2900,-1.18
00)

(9.6500,1.3100,-1.16
00)

(9.6600,1.2800,-1.18
00)

(9.6600,1.2900,-1.18
00)

(9.6500,1.2700,-1.19
00)

(9.6400,1.2900,-1.26
00)

(9.6600,1.2900,-1.22
00)

(9.6600,1.2700,-1.30
00)

(9.6500,1.2900,-1.30
00)

(9.6500,1.2800,-1.34
00)

(9.6600,1.2700,-1.25
00)

(9.6500,1.2700,-1.21
00)

(9.6500,1.2900,-1.18
00)

(9.6600,1.2900,-1.21
00)

(9.6500,1.2800,-1.22
00)

(9.6500,1.2900,-1.21
00)

(9.6400,1.2800,-1.23
00)

(9.6400,1.2800,-1.28
00)

(9.6300,1.2800,-1.29
00)

(9.6500,1.2900,-1.29
00)

(9.6600,1.2700,-1.30
00)

(9.6300,1.2900,-1.16
00)

(9.6500,1.2900,-1.26
00)

(9.6600,1.2800,-1.16
00)

(9.6500,1
.2900,-1.1900)

(9.6500,1.2900,-1.19
00)

(9.6400,1.2900,-1.20
00)

(9.6500,1.2700,-1.21
00)

(9.6500,1.2900,-1.24
00)

(9.6600,1.2600,-1.32
00)

(9.6700,1.2800,-1.31
00)

(9.6400,1.2900,-1.21
00)

(9.6600,1.2800,-1.16
00)

(9.6300,1.2700,-1.17
00)

(9.6600,1.2900,-1.19
00)

(9.6700,1.2800,-1.21
00)

(9.6600,1.2700,-1.18
00)

(9.6700,1.2700,-1.25
00)

(9.6500,1.2800,-1.28
00)

(9.6500,1.2700,-1.29
00)

(9.6600,1.2800,-1.31
00)

(9.6500,1.2600,-1.18
00)

(9.6600,1.2700,-1.23
00)

(9.6500,1.2900,-1.17
00)

(9.6500,1.2800,-1.20
00)

(9.6600,1.2700,-1.23
00)

(9.6500,1.2700,-1.25
00)

(9.6500,1.2800,-1.23
00)

(9.6500,1.2900,-1.29
00)

(9.6500,1.2900,-1.30
00)

(9.6500,1.2800,-1.21
00)

(9.6500,1.2700,-1.20
00)

(9.6500,1.2800,-1.20
00)

(9.6500,1.2700,-1.20
00)

(9.6600,1.2900,-1.17
00)

(9.6500,1.2700,-1.25
00)

(9.6600,1.2800,-1.28
00)

(9.6600,1.2800,-1.29
00)

(9.6500,1.2700,-1.29
00)

(9.6500,1.2900,-1.17
00)

(9.6500,1.2800,-1.17
00)

(9.6700,1.2800,-1.19
00)

(9.6600,1.3000,-1.18
00)

(9.6500,
1.2900,-1.2100)

(9.6500,1.2900,-1.22
00)

(9.6700,1.
2900,-1.2200)

(9.6600,1.2900,-1.25
00)

(9.6600,1.2900,-1.
3200)

(9.6700,1.2900,-1.30
00)

(9.6600,1.2500,-1.23
00)

(9.6600,1.2800,-1.20
00)

(9.6400,1.2900,-1.17
00)

(9.6400,1.2900,-1.18
00)

(9.6400,1.2900,-1.20
00)

(9.6600,1.2900,-1.21
00)

(9.6600,1.2600,-1.24
00)

(9.6600,1.2600,-1.26
00)

(9.6600,1.2900,-1.35
00)

(9.6500,1.2700,-1.31
00)

(9.6400,1.2700,-1.19
00)

(9.6500,1.2900,-1.17
00)

(9.6400,1.2800,-1.20
00)

(9.6700,1.2800,-1.19
00)

(9.6400,1.2900,-1.23
00)

(9.6600,1.2700,-1.24
00)

(9.6500,1.2700,-1.23
00)

(9.6600,1.2800,-1.33
00)

(9.6600,1.2600,-1.30
00)

(9.6500,1.2900,-1.27
00)

(9.6600,1.2700,-1.25
00)

(9.6600,1.2800,-1.19
00)

(9.6500,1.2700,-1.19
00)

(9.6600,1.2900,-1.22
00)

(9.6600,1.2600,-1.18
00)

(9.6600,1.2700,-1.24
00)

(9.6600,1.2600,-1.28
00)

(9.6600,1.2800,-1.30
00)

(9.6500,1.2700,-1.30
00)

(9.6700,1.2900,-1.19
00)

(9.6400,1.2800,-1.17
00)

(9.6500,1.2800,-1.18
00)

(9.6700,1.2800,-1.17
00)

(9.6400,1.2800,-1.19
00)

(9.6500,1.2900,-1.21
00)

(9.6500,1.2700,-1.28
00)

(9.6600,1.2800,-1.29
00)

(9.6600,1.2800,-1.31
00)

(9.6500,1.2700,-1.28
00)

(9.6500,1.290
0,-1.1700)

(9.6600,1.3000,-1.26
00)

(9.6600,1.2900,-1.18
00)

(9.6400,1.2900,-1.21
00)

(9.6600,1.2900,-1.23
00)

(9.6500,1.2800,-1.23
00)

(9.6500,1.2700,-1.24
00)

(9.6500,1.3000,-1.28
00)

(9.6600,1.2700,-1.32
00)

(9.6400,1.2700,-1.23
00)

(9.6700,1.2700,-1.26
00)

(12.7600,1.4700,-2.0
000)

(4.0800,0.5000,-0.81
00)

(8.5400,1.3200,-1.40
00)

(14.8800,2.3500,-2.5
600)

(10.3100,2.6600,-0.6
200)

(8.3100,0.1400,-0.90
00)

(10.2500,2.3300,-1.8
400)

(9.0700,1.8700,-1.73
00)

(10.2200,1.7800,-1.2
600)

(10.2000,1.3400,-1.4
300)

(10.1700,1.4400,-1.6
300)

(9.7000,5.0100,-0.08
00)

(7.7800,-0.1600,-1.1
700)

(5.2300,10.1200,-5.2
400)

(-0.4200,9.0600,-4.5
300)

(-5.4200,2.4000,-0.2
700)

(-9.7000,3.9300,-2.4
500)

(-7.3200,4.0000,-4.8
100)

(-7.7900,3.5300,-4.2
600)

(-7.7300,1.4500,-7.9
900)

(-6.3300,3.4300,-8.8
700)

(-4.1200,3.3000,-7.1
400)

(-7.2700,-0.4100,-7.
6000)

(-5.9000,3.6200,-8.0
500)

(-10.0300,-2.6000,-7
.2800)

(1.8200,-3.9100,-3.6
800)

(-10.3800,-1.8100,-7
.2600)

(-7.0300,-5.1000,-5.
6200)

(-7
.0800,-3.2300,-6.710
0)

(-7.0000,-3.3800,-4.
6500)

(-5.0000,-1.1700,-
7.0600)

(-4.0500,-1.0400,-9.
6900)

(-4.1200,-0.4800,-8.
8900)

(-6.0600,-1.7000,-8.
1800)

(-4.9300,-1.5100,-8.
9700)

(-5.6000,-0.7100,-8.
2900)

(-5.2400,-1.5800,-8.
2100)

(-4.7000,-2.7500,-8.
0000)

(-8.5700,-2.6700,-8.
6900)

(-6.1700,-0.5900,-4.
7900)

(-5.7100,-1.1900,-3.
9100)

(-6.2700,-2.3000,-10
.2000)

(-4.4700,-0.1700,-5.
8300)

(-8.5700,1.0200,-6.3
000)

(-7.3600,-0.0600,-5.
9300)

(-6.9200,0.4800,-6.3
900)

(-6.8600,0.7400,-7.0
300)

(-7.4400,-1.6700,-5.
4300)

(-7.8900,-1.8300,-7.
1600)

(-8.0400,-2.9100,-7.
0500)

(-9.5500,-6.9800,-6.
1000)

(-4.8800,-2.3800,-7.
9200)

(-3.6300,-2.9300,-7.
9100)

(-5.1400,-2.3300,-8.
6500)

(-4.1200,-3.0500,-8.
5400)

(-4.5500,-0.7500,-7.
9700)

(-5.5100,-1.6400,-8.
4200)

(-5.0400,-3.0200,-8.
3300)

(-4.9800,-2.6900,-7.
6200)

(-4.6900,-2.8500,-8.
7800)

(-4.4400,-2.5800,-7.
7800)

(-5.5900,-2.8500,-9.
5400)

(-4.8700,-2.5800,-6.
8500)

(-5.4900,-2.8100,-8.
6800)

(-5.2400,-3.0000,-8.
6300)

(-5.3100,-3.3200,-7.
5400)

(-5.4700,-3.2800,-7.
5500)

(-5.9800,-2.9200,-
7.5400)

(-5.1600,-3.1000,-7.
4400)

(-4.5100,-2.6700,-8.
5400)

(-4.7700,-1.9900,-7.
9800)

(-6.9300,-3.7200,-10
.9000)

(-9.7500,-3.5000,-11
.3400)

(-3.2400,-3.7900,-6.
1000)

(-7.6400,-6.6500,-9.
2700)

(-1.9300,-4.1500,-7.
6600)

(-8.1300,-4.7100,-6.
1400)

(-6.7100,-3.6100,-13
.2900)

(-4.8200,-4.0200,-6.
6200)

(-6.1100,-2.4500,-7.
1000)

(-4.5200,-3.4400,-5.
9900)

(-4.9800,-4.6300,-6.
9100)

(-9.5700,-5.7500,-2.
6300)

(-4.8500,-4.4200,-7.
0100)

(-5.5500,-5.0300,-4.
8400)

(-7.5900,-4.4000,-5.
4800)

(-5.6300,-4.5000,-5.
3900)

(-7.4800,-5.1900,-6.
0300)

(-6.6500,-5.8000,-4.
7700)

(-5.0400,-5.5100,-6.
6800)

(-5.7800,-5.3300,-6.
0800)

(-5.6900,-6.3700,-5.
1800)

(-6.5800,-5.9400,-4.
9200)

(-6.9400,-5.7500,-5.
0400)

(-5.6000,-6.3500,-4.
7600)

(-5.8000,-5.6900,-5.
4300)

(-5.5100,-7.1400,-5.
0400)

(-4.6500,-6.6900,-4.
8200)

(-5.5900,-7.6100,-6.
3100)

(-3.1000,-4.4300,-8.
6800)

(-5.3000,-5.4700,-5.
5300)

(-4.4100,-8.6600,-7.
7300)

(-1.9900,-9.1200,-6.
7000)

(-4.1200,-1.9200,4.1
300)

(18.8700,-2.9900,31.
0500)

(2.2000,-8.9700,-1.5
000)

(3.5300,-7.3100,2.78
00)

(-3.5800,0.2000,7.80
00)

(-2.4000,-2.2700,9.3
600)

(-3.0300,-1.9600,9.3
000)

(-2.7500,-1.2500,9.1
200)

(-0.7200,1.5700,8.14
00)

(-5.1100,1.7000,0.12
00)

(18.4600,-10.1000,-6
.1700)

(9.2300,2.3700,2.030
0)

(6.4200,-4.1400,-4.8
300)

(-5.1100,2.3500,-6.4
800)

(9.9400,-0.7900,-2.9
500)

(-3.1500,-1.1800,-9.
4300)

(-2.9600,2.5100,-8.7
900)

(-3.7200,3.6500,-8.1
400)

(-3.4500,3.3000,-8.3
800)

(-0.8200,4.6300,-8.4
100)

(-2.0500,-1.1000,-16
.7600)

(4.8200,-3.3800,-14.
4000)

(-3.3100,2.1200,-8.8
500)

(-3.7400,2.8100,-8.5
200)

(-3.7900,2.6800,-8.5
100)

(-3.7400,2.2500,-8.7
500)

(-3.6800,2.1600,-8.8
300)

(-3.7200,2.2300,-8.8
100)

(-3.7000,2.3100,-8.7
000)

(-3.7400,2.3200,-8.7
800)

(-3.7400,2.3300,-8.7
100)

(-3.7400,2.3400,-8.7
100)

(-3.7500,2.3100,-8.7
200)

(-3.7500,2.3200,-8.7
200)

(-3.7400,2.3000,-8.7
800)

(-3.7500,2.2900,-8.7
700)

(-3.7500,2.3000,-8.8
300)

(-3.7500,2.3000,-8.8
200)

(-3.7400,2.3000,-8.7
600)

(-3.7500,2.2900,-8.7
400)

(-3.7400,2.2800,-8.7
300)

(-3.7600,2.3000,-8.7
500)

(-3.7600,2.2700,-8.7
500)

(-3.7300,2.2700,-8.7
500)

(-3.7400,2
.2700,-8.7700)

(-3.7600,2.2600,-8.7
900)

(-3.7600,2.2700,-8.8
400)

(-3.7300,2.2700,-8.8
400)

(-3.7700,2.2500,-8.7
300)

(-3.7400,2.2500,-8.7
400)

(-3.7500,2.2600,-8.7
300)

(-3.7500,2.2500,-8.7
600)

(-3.7600,2.2600,-8.7
600)

(-3.7500,2.2400,-8.7
900)

(-3.7600,2.2600,-8.7
900)

(-3.7800,2.2700,-8.8
400)

(-3.7700,2.2500,-8.8
400)

(-3.7600,2.2500,-8.7
300)

(-3.7500,2.2400,-8.8
000)

(-3.7500,2.2400,-8.7
500)

(-3.7800,2.3100,-8.7
200)

(-3.7600,2.4000,-8.6
900)

(-3.7700,2.4600,-8.6
600)

(-3.7800,2.4400,-8.7
100)

(-3.7900,2.3900,-8.7
500)

(-3.7800,2.3700,-8.8
300)

(-3.8400,2.4300,-8.7
800)

(-3.7800,2.3100,-8.7
500)

(-3.7900,2.2900,-8.7
200)

(-3.8000,2.2900,-8.7
200)

(-3.7900,2.2800,-8.7
200)

(-3.7800,2.2800,-8.7
400)

(-3.7800,2.2900,-8.7
400)

(-3.7900,2.3000,-8.7
600)

(-3.8100,2.2800,-8.8
200)

(-3.8000,2.2700,-8.8
200)

(-3.7900,2.2800,-8.7
400)

(-3.7900,2.2700,-8.7
300)

(-3.7900,2.2700,-8.7
200)

(-3.7900,2.2700,-8.7
200)

(-3.7800,2.2800,-8.7
600)

(-3.7700,2.2800,-8.7
600)

(-3.7900,2.2600,-8.7
800)

(-3.8000,
2.2700,-8.8000)

(-3.7900,2.2500,-8.8
300)

(-3.7900,2.2600,-8.8
200)

(-3.8100,2.2400,-8.7
300)

(-3.8000,2.2200,-8.8
000)

(-3.7800,2.2500,-8.7
100)

(-3.7800,2.2500,-8.7
300)

(-3.7900,2.2400,-8.7
400)

(-3.7900,2.2400,-8.7
600)

(-3.8000,2.2300,-8.7
700)

(-3.7700,2.2400,-8.7
700)

(-3.7900,2.2400,-8.8
600)

(-3.7700,2.2300,-8.8
400)

(-3.7900,2.2400,-8.7
600)

(-3.8000,2.2400,-8.7
600)

(-3.7800,2.2400,-8.7
400)

(-3.7900,2.2300,-8.7
400)

(-3.7900,2.2300,-8.7
500)

(-3.7900,2.2400,-8.7
500)

(-3.7900,2.2400,-8.8
100)

(-3.7800,2.2400,-8.7
900)

(-3.7800,2.2400,-8.8
400)

(-3.7900,2.2300,-8.8
300)

(-3.7800,2.2500,-8.7
000)

(-3.8000,2.2400,-8.7
200)

(-3.8000,2.2700,-8.7
200)

(-3.8000,2.2600,-8.7
200)

(-3.7900,2.2600,-8.7
300)

(-3.7900,2.2400,-8.7
900)

(-3.7700,2.2500,-8.7
800)

(-3.8000,2.2500,-8.8
200)

(-3.7900,2.2400,-8.8
400)

(-3.7800,2.2600,-8.7
200)

(-3.7700,2.2400,-8.7
300)

(-3.8000,2.2300,-8.7
500)

(-3.8200,2.2400,-8.7
100)

(-3.7800,2.2500,-8.7
500)

(-3.7800,2.2500,-8.7
200)

(-3.7700,2.2600,-8.7
500)

(-3.7900,2.2500,-8.7
600)

(-3.8100,2.2500,-8.8
300)

(-3.7900,2.2500,-8.8
400)

(-3.7900,2.2400,-8.7
500)

(-3.7700,2.2600,-8.7
700)

(-3.7900,2.2500,-8.7
200)

(-3.7900,2.260
0,-8.7200)

(-3.7900,2.2500,-8.7
300)

(-3.8000,2.2500,-8.7
400)

(-3.7900,2.2400,-8.7
700)

(-3.7900,2.2500,-8.8
000)

(-3.8000,2.2400,-8.8
200)

(-3.8000,2.2600,-8.8
200)

(-3.8000,2.2400,-8.7
500)

(-3.8100,2.2500,-8.7
100)

(-3.7900,2.2400,-8.7
400)

(-3.7900,2.2200,-8.7
200)

(-3.8000,2.2400,-8.7
500)

(-3.7900,2.2300,-8.7
400)

(-3.7900,2.2400,-8.8
100)

(-3.7900,2.2300,-8.7
500)

(-3.8000,2.2200,-8.8
500)

(-3.8100,2.2400,-8.7
600)

(-3.7900,2.2200,-8.7
800)

(-3.7800,2.2400,-8.7
300)

(-3.7900,2.2400,-8.7
300)

(-3.8000,2.2200,-8.7
500)

(-3.7800,2.2500,-8.7
600)

(-3.7900,2.2300,-8.7
800)

(-3.8000,2.2200,-8.7
700)

(-3.7900,2.2400,-8.8
400)

(-3.8000,2.2300,-8.8
400)

(-3.8000,2.2300,-8.7
500)

(-3.7900,2.2400,-8.7
400)

(-3.7800,2.2400,-8.7
200)

(-3.8000,2.2300,-8.7
300)

(-3.7800,2.2300,-8.7
500)

(-3.7700,2.2400,-8.7
600)

(-3.7800,2.2400,-8.8
000)

(-3.8000,2.2500,-8.8
100)

(-3.8000,2.2400,-8.8
400)

(-3.7900,2.2400,-8.8
200)

(-3.7700,2.2400,-8.7
400)

(-3.7900,2.2300,-8.7
300)

(-3.8000,2.2200,-8.7
400)

(-3.7900,2.1900,-8.7
600)

(-3.7900,2.2100,-8.7
500)

(-3.80
00,2.2100,-8.8000)

(-3.7800,2.2100,-8.7
800)

(-3.8100,2.1
900,-8.8000)

(-3.7700,2.2000,-8.8
600)

(-3.8000,2.2200,-8.8
600)

(-3.7900,2.2300,-8.7
800)

(-3.7700,2.2100,-8.7
400)

(-3.7900,2.2100,-8.7
200)

(-3.7900,2.2100,-8.7
700)

(-3.7900,2.2200,-8.7
300)

(-3.8100,2.2400,-8.7
800)

(-3.7900,2.2300,-8.7
800)

(-3.7800,2.2000,-8.8
400)

(-3.7900,2.2000,-8.8
500)

(-3.7900,2.2000,-8.7
400)

(-3.8000,2.2100,-8.7
400)

(-3.7800,2.1900,-8.7
500)

(-3.8100,2.1900,-8.7
500)

(-3.8000,2.2000,-8.7
600)

(-3.8000,2.2100,-8.7
700)

(-3.8000,2.1900,-8.8
100)

(-3.8100,2.2000,-8.8
200)

(-3.8000,2.1900,-8.8
300)

(-3.7800,2.2100,-8.7
600)

(-3.8000,2.2000,-8.7
600)

(-3.8000,2.1900,-8.7
500)

(-3.8000,2.2100,-8.7
400)

(-3.7900,2.1900,-8.7
700)

(-3.7900,2.1900,-8.7
400)

(-3.8000,2.2000,-8.8
200)

(-3.8000,2.2000,-8.7
800)

(-3.7800,2.1900,-8.8
400)

(-3.7900,2.1800,-8.8
700)

(-3.8000,2.1900,-8.8
000)

(-3.8000,2.1600,-8.7
800)

(-3.7900,2.1800,-8.7
400)

(-3.7900,2.1600,-8.7
500)

(-3.7900,2.2000,-8.7
600)

(-3.7900,2.2100,-8.7
700)

(-3.7900,2.1800,-8.7
900)

(-3.7900,2.1700,-8.8
600)

(-3.7900,2.1900,-
8.8300)

(-3.8100,2.2000,-8.7
400)

(-3.7900,2.1700,-8.7
400)

(-3.8000,2.1900,-8.7
200)

(-3.7800,2.2100,-8.7
600)

(-3.7800,2.1900,-8.7
700)

(-3.7900,2.1900,-8.7
600)

(-3.7800,2.1800,-8.8
000)

(-3.8000,2.1800,-8.8
000)

(-3.7900,2.1700,-8.8
500)

(-3.7900,2.1600,-8.8
600)

(-3.7900,2.1500,-8.7
700)

(-3.8100,2.0500,-8.8
200)

(-3.7400,2.0000,-8.8
400)

(-4.2400,1.3500,-9.2
700)

(-3.2800,3.5600,-10.
7600)

(-2.7500,0.9700,-10.
7100)

(-5.2800,-1.0600,-5.
8000)

(-2.4800,-1.9400,-6.
1300)

(-4.3900,1.3200,-10.
0300)

(-1.8200,-0.0600,-12
.2100)

(6.4000,-3.8800,-8.4
700)

(-0.8500,-10.9100,-6
.9100)

(9.5800,-1.9900,-13.
6900)

(-2.1200,-5.5600,-11
.2800)

(-8.1400,0.1600,-8.8
200)

(1.2700,-8.6100,-13.
1900)

(-2.6400,-6.7000,-11
.7600)

(-2.1400,-8.9900,-6.
2900)

(-4.3300,-2.9400,-10
.2200)

(-4.7300,-3.5700,-8.
1300)

(0.5900,-7.9300,-9.6
400)

(-2.2100,-3.5100,-8.
6900)

(0.9600,-4.5100,-13.
7200)

(10.0100,-6.1100,-11
.8400)

(-0.2600,-7.7800,-8.
2100)

(0.4400,-8.9100,-11.
4400)

(3.2300,-4.5200,-10.
2000)

(-5.4600,-1.3700,-12
.4700)

(0.8500,-4.2500,-11.
5200)

(3.9900,-5.7900,-10.
5700)

(0.2000,-6.5700,-8.3
100)

(3.1300,-7.1000,-10.
3700)

(5.0800,-3.6
800,-9.0700)

(-2.5500,-1.3000,-10
.9500)

(0.2800,-2.8900,-11.
7700)

(7.3600,-3.4900,-9.7
600)

(2.0000,-10.0600,-5.
8900)

(2.2400,-8.1300,-10.
2500)

(5.4900,-0.1100,-11.
6100)

(-2.4500,0.4800,-13.
5700)

(2.0700,-2.9500,-13.
8700)

(4.3600,-6.1300,-10.
1600)

(1.4900,-9.7200,-7.3
300)

(5.6200,-1.0000,-11.
2500)

(-1.2600,-0.4400,-13
.2600)

(1.4900,-3.1200,-13.
0100)

(2.5400,-8.8000,-7.2
300)

(5.3900,-7.2000,-12.
1300)

(5.1700,-4.8600,-10.
8100)

(2.9800,0.9000,-12.2
100)

(19.5000,1.5600,-2.7
300)

(17.0000,4.4200,0.00
00)

(19.4700,-4.0000,0.6
600)

(28.1100,5.2800,-4.3
000)

(15.3000,-11.3700,-6
.8200)

(8.7500,-10.0500,-5.
3200)

(3.2800,-8.3500,-2.4
100)

(1.5100,-5.8900,-5.8
100)

(0.1900,-8.2100,-7.0
000)

(-2.7500,-2.2500,-12
.0300)

(1.2800,-5.2200,-11.
3800)

(3.4100,-7.5900,-13.
6900)

(0.5500,-8.3100,-7.1
000)

(2.9400,-3.3000,-13.
1100)

(0.3200,-3.5900,-10.
2000)

(-1.4100,-5.2500,-8.
9400)

(-1.3100,-5.7100,-8.
7200)

(-0.4900,-5.8700,-8.
3200)

(1.3200,3.4900,-12.9
500)

(6.6300,-6.1100,-9.3
000)

(1.3100,-9.0200,-6.5
900)

(
3.7700,-3.2900,-11.0
800)

(2.4000,-1.5200,-10.
5300)

(-0.2400,-4.19
00,-9.1600)

(-0.8200,-4.9900,-8.
8200)

(0.3000,-5.2600,-9.
0000)

(-0.3300,-2.2500,-11
.5800)

(2.7800,-3.1300,-9.3
800)

(2.8500,-3.7600,-8.8
100)

(0.0300,-9.3200,-5.5
100)

(4.2500,-5.8800,-11.
0200)

(4.5100,-3.3600,-9.7
500)

(0.2300,-3.4300,-9.1
300)

(-1.0900,-3.5900,-10
.0900)

(3.6900,-7.0700,-9.0
900)

(2.3400,-6.3300,-9.5
000)

(0.3500,-5.8500,-8.7
000)

(1.6800,-7.0000,-9.5
000)

(3.7900,-3.0300,-9.7
400)

(-1.1100,-4.9400,-7.
9200)

(-1.6500,-7.1200,-6.
7100)

(-1.0500,-8.2800,-6.
4500)

(-1.1800,-7.4000,-6.
7500)

(-1.5000,-3.5300,-7.
7700)

(2.3200,-4.1400,-10.
9700)

(1.4600,-9.0300,-6.4
100)

(3.3000,-6.9600,-2.0
800)

(12.8800,-3.4000,-4.
0200)

(9.6000,-0.7800,-3.6
800)

(9.7700,-3.2600,-4.4
800)

(23.1900,3.4700,-1.2
800)

(14.8600,0.4100,-0.5
500)

(12.5000,-3.3300,-1.
7400)

(10.4700,-1.9500,-3.
1200)

(-6.9300,-6.7500,-3.
8500)

(1.8400,-10.7500,-5.
6100)

(1.1100,-8.0700,-7.2
500)

(-0.9500,-8.2000,-6.
2500)

(1.3500,-6.8700,-5.9
700)

(-0.2200,-9.9800,-3.
4000)

(0.0100,-8.0300,-6.9
800)

(0.3000,-8.0100,-5.6
400)

(0.1200,-8.5600,
-5.9300)

(0.1800,-7.9200,-6.2
200)

(0.0300,-8.2800,-6.0
800)

(0.0700,-8.2600,-5.6
900)

(-0.0200,-8.2500,-5.
6200)

(0.0800,-7.8700,-5.8
400)

(0.0200,-7.7700,-5.7
900)

(0.1300,-7.8100,-5.8
000)

(0.0400,-7.9700,-5.9
500)

(0.0000,-7.9800,-5.9
000)

(0.0700,-7.8400,-5.6
400)

(0.0600,-7.8800,-5.9
800)

(0.2200,-7.8000,-5.7
000)

(0.1700,-7.6200,-5.8
400)

(0.3100,-8.1700,-6.2
600)

(0.1900,-8.0400,-5.8
200)

(0.1900,-7.9500,-5.7
300)

(0.2800,-8.1200,-5.6
300)

(0.0700,-8.3100,-5.4
700)

(0.3000,-8.0700,-5.5
700)

(0.1900,-7.9400,-5.5
800)

(0.1400,-7.7400,-5.9
900)

(0.2400,-7.6400,-6.0
800)

(0.5000,-7.6500,-5.5
400)

(0.8900,-8.3200,-6.0
100)

(0.5500,-8.1100,-4.4
900)

(4.5000,-11.1500,0.8
100)

(6.2400,-8.4100,-5.7
200)

(-2.9300,-4.8400,-15
.5000)

(25.7400,-0.6900,-13
.3100)

(39.5300,13.6200,-9.
0200)

(15.4800,4.6700,-4.1
500)

(16.7100,4.1300,-4.2
600)

(38.9800,8.5500,3.92
00)

(32.6700,3.2900,-2.5
300)

(17.1800,2.2600,8.37
00)

(39.0700,3.6600,-7.2
300)

(28.1500,5.3000,-3.5
300)

(30.5100,5.4800,5.99
00)

(11.2400
,0.9700,13.5700)

(23.7000,15.3300,-3.
0100)

(38.8300,4.8700,-2.
7100)

(22.2300,0.9700,1.20
00)

(20.4100,2.1300,3.57
00)

(24.2600,3.3900,-5.2
200)

(15.0500,0.0700,6.08
00)

(24.4700,4.6900,-2.0
300)

(27.3700,2.8400,-1.4
500)

(22.5400,8.7700,1.09
00)

(22.5300,10.0900,6.6
300)

(24.2000,6.8300,1.70
00)

(22.1900,0.6500,2.93
00)

(9.1400,4.2700,10.01
00)

(3.2500,13.6500,13.7
800)

(10.2500,-13.1100,15
.0800)

(10.6800,4.7400,12.5
200)

(13.9500,4.3000,-2.9
800)

(-8.4800,-4.6100,11.
3100)

(-0.5900,-0.0800,6.9
500)

(-1.3000,-0.3800,10.
0400)

(-0.1100,-7.8500,2.0
800)

(-1.8300,-9.1700,6.2
800)

(4.0100,-8.2500,3.94
00)

(5.6600,-7.6600,0.86
00)

(4.1500,-8.5700,-1.6
600)

(4.6800,-8.1100,-2.4
500)

(4.4900,-8.2400,-2.5
400)

(4.8500,-8.0500,-2.1
900)

(5.0000,-7.9400,-2.4
400)

(12.0600,-15.4900,-8
.0000)

(0.8300,-9.1700,-0.7
000)

(-0.6600,-7.9800,-4.
8300)

(-1.5900,-4.9900,-8.
1600)

(2.5300,-8.6400,-10.
0300)

(3.5300,-3.9200,-10.
4300)

(3.2300,-4.4100,-7.2
100)

(1.9000,-4.5200,-9.6
400)

(1.8500,-4.9100,-8.1
600)

(0.7300,-3.7700,-9.0
600)

(0.5700,-6.6900,-7.2
600)

(1.0800,-5.2900,-7.6
500)

(2.2500,-5.5200,-7.8
100)

(2.1300,-5
.6300,-7.7400)

(-0.6000,-7.6300,-4.
8600)

(-2.3000,-9.4800,-8.
2800)

(-2.9900,-14.4900,-3
.8700)

(-2.2100,-12.2600,1.
6700)

(-4.6200,-10.6100,-1
.0300)

(-7.8200,-7.9800,-0.
5700)

(-4.4600,-8.0100,3.0
300)

(-5.5700,-8.4500,2.9
900)

(-5.8500,-8.8500,-0.
8300)

(-0.4500,-9.2300,0.8
500)

(-5.0500,-7.9800,5.6
200)

(-4.9700,-7.7700,0.2
700)

(-4.6200,-8.0100,1.6
300)

(-4.8100,-7.8800,1.6
100)

(-4.8700,-8.2900,1.4
100)

(-4.7700,-8.0200,1.8
700)

(-4.8700,-8.0000,1.8
200)

(-5.1400,-8.4200,1.5
400)

(-4.8600,-8.2800,1.4
600)

(-4.9700,-8.1300,2.1
200)

(-4.8600,-8.1700,1.8
300)

(-5.0100,-8.3000,1.9
400)

(-4.8100,-8.4700,1.9
900)

(-4.6300,-8.4700,1.6
900)

(-4.2900,-8.4800,1.8
700)

(-4.5100,-8.3100,2.1
700)

(-4.2700,-8.3200,2.4
200)

(-4.3400,-8.7300,1.7
200)

(-3.9000,-8.8100,2.0
300)

(-4.2800,-7.7900,7.9
800)

(3.5600,-12.7700,5.8
100)

(-0.4100,-11.2800,-7
.2100)

(20.3500,-16.2200,-5
.6500)

(5.8300,8.6200,0.710
0)

(13.6400,2.9300,3.84
00)

(27.6400,-12.0100,15
.2800)

(27.1900,6.6100,-0.7
000)

(13.0100,2.1800,0.18
00)

(27.9700,5.670
0,-7.9800)

(18.4000,0.5200,11.0
400)

(33.4000,6.5500,-3.8
800)

(31.7900,9.1200,0.26
00)

(19.4000,-0.3600,-0.
5800)

(35.3100,13.8500,-5.
4800)

(28.6200,4.8600,-9.6
400)

(21.8700,1.1300,3.18
00)

(7.3800,6.2900,-13.2
500)

(39.4700,8.8300,-7.8
000)

(27.4900,8.9300,4.48
00)

(37.8600,14.8100,-11
.1600)

(35.8200,8.2100,12.1
500)

(21.4600,2.8300,10.7
600)

(23.3500,8.3700,-7.7
000)

(26.3900,3.6200,-0.0
600)

(39.4700,6.0500,-8.6
900)

(34.7000,8.6200,-5.6
300)

(23.0400,4.6000,3.52
00)

(18.2700,2.6500,-15.
9100)

(14.8300,3.4900,-7.6
900)

(14.6400,3.5700,0.36
00)

(17.4200,1.1900,-6.1
100)

(39.4700,3.8000,-10.
0900)

(39.4500,16.0200,-5.
1700)

(23.7800,9.6300,-4.8
700)

(39.4400,11.1000,-6.
1600)

(39.1700,10.5900,-8.
6600)

(38.0800,10.4300,0.8
900)

(39.4700,9.6200,-11.
3900)

(39.4700,12.8400,-7.
0900)

(39.4700,6.6000,-3.5
600)

(39.4700,13.4500,-8.
9200)

(39.4700,-3.7300,-2.
0200)

(39.4700,11.1900,-22
.2800)

(39.4700,3.3900,-3.8
200)

(31.5000,8.7300,-2.3
200)

(33.7400,7.5800,-8.0
800)

(39.4500,6.7400,-9.0
500)

(39.4700,12.4000,-19
.7900)

(39.4700,7.7900,-3.2
100)

(39.4700,9.0200,-13.
4300)

(39.4700,12.6500,-9.
2400)

(39.4700,5.3700,-12.
4200)

(38.2700,13.8500,-10
.8300)

(35.6600,8.4200,-2.4
900)

(39.4700,5.6500,-6.7
000)

(39.4700,9.3500,-4.8
400)

(22.5300,2.1300,-9.0
300)

(
39.4700,7.2600,-5.11
00)

(27.9700,14.1500,-0.
5400)

(12.2200,2.8700,2.64
00)

(16.9500,7.3300,-5.2
700)

(32.5800,2.9900,-2.5
800)

(13.1600,12.2500,-0.
6600)

(32.1300,7.7700,-1.5
300)

(39.4600,6.0300,-8.9
000)

(39.4300,13.3000,-2.
6800)

(39.4700,13.5100,-19
.9200)

(22.4200,-3.1000,-1.
7800)

(21.4800,4.8200,-2.9
500)

(21.8800,7.2500,-15.
2000)

(31.6400,9.1300,-16.
3600)

(8.9600,0.4700,2.250
0)

(39.4700,8.4200,-9.1
100)

(38.1800,7.1900,-6.9
000)

(30.6500,13.2000,8.7
300)

(34.9100,15.7500,-3.
9100)

(35.5600,12.7400,-2.
4500)

(6.8000,1.1300,-1.39
00)

(30.1600,15.8200,-9.
1600)

(10.7600,6.5900,-1.4
000)

(33.8300,2.1100,0.69
00)

(39.4700,7.3000,-15.
0900)

(39.4700,14.3200,-5.
4400)

(25.7700,3.6200,-3.7
100)

(39.4100,13.6100,16.
9800)

(37.3000,-10.1100,-3
.9000)

(39.4700,-4.3200,-4.
2500)

(39.4200,5.1100,-4.9
000)

(39.4700,9.9200,-9.5
400)

(39.4700,35.6100,-23
.3400)

(37.6900,-2.1300,-3.
5800)

(-9.1800,-15.4200,-0
.5300)

(-4.9500,-5.8500,-2.
6400)

(-1.9800,-8.8500,-3.
4600)

(4.4400,-7.9300,-0.0
200)

(2.4100,-2.2600,-12.
0200)

(-3.2900,-4.7000,-6.
6400)

(-2.7600,-6.9400,-7.
0400)

(-1.9900,-6.6100,-7.
3600)

(-2.9200,-5.3900,-7.
4600)

(-4.5900,-8.0700,-8.
8400)

(-10.9100,-8.6400,-4
.5500)

(3.470
0,-0.8700,-8.0800)

(3.7200,-2.7800,-8.1
700)

(-3.4500,
-5.2900,3.0000)

(2.2100,-9.0700,-2.3
800)

(2.9000,-8.2900,-3.1
800)

(-0.1900,-7.5500,-6.
9700)

(-3.1600,-5.5100,-7.
9700)

(-2.2200,-7.6400,-5.
5400)

(-3.5100,-6.2400,-7.
2900)

(0.7900,6.0000,-13.7
400)

(-2.1500,-3.3600,-5.
6600)

(-4.3900,-1.1900,-9.
9400)

(-3.5000,-2.2100,-8.
8100)

(7.6000,0.9600,-11.1
800)

(12.6700,8.7800,-0.6
800)

(15.3300,6.0300,-5.4
600)

(32.5900,-2.1200,-6.
3200)

(14.0200,10.4000,-3.
7300)

(8.0600,3.2100,1.740
0)

(17.8700,-4.1800,3.4
300)

(29.2900,5.0300,-6.9
000)

(39.4700,1.7700,-21.
4400)

(39.4700,9.6900,-19.
1400)

(28.8400,13.2900,0.9
600)

(26.2200,9.5400,12.2
100)

(9.8000,4.9800,-5.47
00)

(32.9700,6.6000,-0.7
100)

(21.1200,-11.5300,5.
3900)

(34.4600,6.0600,-6.6
000)

(34.7400,3.6400,-10.
5200)

(26.4100,-0.8500,-4.
9200)

(31.2700,20.4600,17.
8800)

(23.3400,6.0500,1.34
00)

(25.4500,-1.1100,-2.
8100)

(13.3400,11.8600,1.0
500)

(32.2000,10.7700,18.
3300)

(7.5900,7.7000,15.38
00)

(10.2100,4.1400,-2.7
400)

(37.7100,10.8300,-3.
0100)

(39.4700,25.6400,-34
.6400)

(39.4300,10.2400,-13
.8600)

(39.4700,1.2900,-5.4
500)

(39.4700,17.0900,-9.
3500)

(39.4700,12.5700,-3.
7700)

(17.9100,10.1100,-15
.9800)

(19.5700,
8.5900,-3.4400)

(15.1200,7.2000,9.20
00)

(26.3200,7.3200,-5
.9000)

(39.4700,12.3000,-9.
9600)

(39.4700,2.7700,-7.1
800)

(34.2200,5.7300,-7.4
200)

(31.4300,11.4000,6.9
100)

(39.4700,17.2700,-21
.7200)

(29.4600,5.5800,-3.2
300)

(26.6600,0.4000,4.53
00)

(39.4400,14.4700,-5.
1700)

(39.4400,4.4800,-5.0
300)

(28.0400,3.3500,3.70
00)

(39.3400,13.7200,-23
.5500)

(39.4700,11.2200,-0.
3400)

(39.4700,12.6000,-14
.8200)

(23.1000,5.5600,5.04
00)

(39.1900,3.2000,3.10
00)

(39.4700,6.0500,-6.4
500)

(16.4200,6.4900,-2.6
300)

(21.5600,5.3200,-3.2
700)

(39.4700,5.3000,-8.4
200)

(31.2400,7.2900,-8.2
600)

(2.5200,3.9700,-9.79
00)

(39.4600,6.8900,-9.1
200)

