9.9717
9.8604
9.8801
9.8727
9.9425 
9.8542
10.2249
10.1142
10.2725
10.8950
10.6087
10.8820
1 0.5070
9.8523
9.9267
9.9383
9.8162
9.8866
9.9022
9.8682
9.8355
9.8700
9.9288
9.9056
9.8355
9.9223
9.9486
9.8482
9.8090
9.8791
10.0433
9.8504
20.7848
3.7565
13.2452
8.9379
16.2573
7.2088 
17.4889
18.5802
22.6603
18.0334
15.0590
24.2569
25.6885
11.3605 
22.2741
29.5544
14.7596
25.8546
27.9897
39.6644
39.3134
39.4634 
40.0097
34.8609
53.2321
39.4474
31.7650
15.2778
39.8171
39 .0121
41.9400
39.3938
46.9013
49.3272
39.0211
34.3183
35.9379
30.4730
31.2081
31.7031
41.6901
38.8342
21.4474
33.5918
40.9001
36.1822
39.2955 
38.2684
38.3253
32.0306
38.8343
38.8555
40.6227
40.3342
30.0334 
21.7537
21.5520
40.6348
39.3804
42.6574
39.6677
40.9083
4 5.6183
41.1087
39. 8770
39.7108
42.6170
41.6192
41.9269
39.9831
39.2440
39.2430
31.5203
50.9421
45.8339
21.0429
30.0592
39.8718
33.8476
26.5217
41.2856
47.2964
39.2377
36.4945
35.3402
39.6489
35.3784
40.8318 
16.3758
39.1839
40.9018
32.0365
32.9407
43.3280
39.6584
39.8166 
43.8376
39.6116
39.4544
35.4131
31.0038
39.6751
39.8971
27.4549
42.2384
48.8459
39.5446
37.5090
35.8200
39.4140
33.4073
33.6369
40 .1975
29.3382
38.3162
28.6136
13.2723
46.1488
39.3808
33.0927
34.2417
39.4287
36.3210
36.9715
40.9922
40.3136
39.6111
39.7466
15.4004
39.2152
40.0522
33.8677
45.6651
46.4488
40.1050
39.4242
39.1536 
40.6221
32.6774
38.7842
45.6258
39.6338
42.0380
40.3289
36.1268
32.4500
39.2896
39.4187
35.7438
42.2415
39.8763
37.0781
26.0150
15.9913
28.7573
37.7699
36.3729
31.8024
38.7590
39.4801
39.2553
14.9123
50.7500
43.6323
25.3663
33.5032
27.0872
36.4559
41.0392
39 .3848
39.1272
35.8379
31.1960
40.4461
36.1761
47.0290
39.8519
39.4365 
39.5057
42.5408
41.8259
39.8369
41.5998
39.6944
40.6510
40 .6045
38.3734
30.9538
20.5676
37.4118
26.4766
19.3497
32.9345
24.4379
20.3346
9.6583
9.6541
9.3925
10.2127
8.9737
9.4250
9.3701
10.3881
9.8456
11.8410
16.3880
5.0356
9.7987
10.5813
9.7272
8.3451 
8.6789
9.3957
9.4704
13.5342
8.1344
7.8644
8.2095
8.7710 
9.3931
9.7544
9.4135
9.4561
9.5707
9.4476
9.3292
9.5499
9.4637
