9.8112
9.5824
9.6338
9.5151
9.8739
9.9239
9.9819 
12.2040
15.7278
14.0836
8.0478
9.7059
13.9827
17.1252
17.5158 
14.6277
12.6494
8.8184
7.5477
7.7069
10.7034
11.9699
11.8727
10.4394
10.9849
10.2438
10.0648
9.7122
9.8333
9.4860
9.9313
9.4940
9.7177
9.8057
9.7987
9.6793
9.6980
9.8290
9.7908
9.6649
9.8089
10.0656
10.9222
10.0933
11.4098
11.6309
3.0131
11.6667
28.4931
11.3567
7.0738
11.2075
13.5093
8.8598
6.8448
9.3384
14.2291
18.1532
8.4544
6.9506
12.6707
3.0200
13.4499 
8.7380
12.8617
12.1707
7.8022
18.1795
11.3583
15.4563
11.4446
12.5074
12.8406
15.4197
15.4197
10.2845
10.5401
7.6869
7.3428
9.1159
4.6997
7.6674
9.9991
9.7383
11.1126
10 .4823
18.6560
16.8803
9.9862
6.6682
11.0495
11.7800
8.4220
12.5065 
10.0663
11.9472
10.4315
9.8723
7.7915
9.4779
8.5722
8.8003
11.4163
4.7810
7.0318
6.5824
11.0125
14.3187
10.8586
14.4221
8.2504
7.1709
2.3870
18.4074
7.6842
9.7709
4.3278
8.4823
12.9791
14.2062
9.4207
13.7037
10.3726
5.4664
13.3757
7.6188
9.6073 
9.2790
11.1771
9.5279
9.1590
5.9656
23.6808
6.8852
11.2097 
14.3975
16.2643
10.8713
7.3766
25.6196
7.9167
4.8970
9.2002
5.8890
6.1660
25.3339
12.7229
18.1378
17.0973
12.3652
18.9777
20.4293
5.8637
7.8472
7.5855
7.5333
10.0794
12.6405
13.0747
10.6415 
2.2678
8.6048
16.3582
10.0249
9.2536
9.7145
9.5815
9.760 2
9.7330
9.6514
9.6761
9.6901
9.6617
9.7002
9.7929
9.7132
9.7219
9.6921
9.7400
9.7515
9.7716
9.7506
9.7809
9.7811
9.7928
9.7607
9.7603
9.7918
9.8026
9.7909
9.8008
9.7810
9.79 07
9.7901
9.7911
9.7609
9.7908
9.7705
9.8005
9.8403
9.7353
9.7594
9.7584
9.7265
9.7534
9.7200
9.7766
9.8232
9.7840
10.1466
9.8238
9.7034
9.7993
9.7192
9.7446
9.8038
9.7589
9.7599
9.7673
9.7605
9.7922
9.7797
9.8180
9.7718
9.7386
9.7992
9.7441
9.7788
9.8034
9.7678
9.7694
9.8005
11.3607 
8.3693
8.6112
8.9141
9.4133
9.1581
10.1544
14.8287
13.6976
10 .2822
25.6541
13.3944
15.1171
12.0831
3.8179
7.8869
8.7093
17.8587
12.5112
10.9646
6.8635
12.6004
14.5950
10.7921
12.4160
9.6622
9.9616
13.1044
9.4189
9.6285
10.3368
12.1264
10.0813
8.2404 
12.9561
12.4375
11.3147
13.5792
18.0820
18.4728
28.5719
52.7858 
30.8190
39.2170
39.2315
13.3400
28.8673
15.5985
14.8696
22.87 10
40.6601
39.8542
39.3579
39.4182
39.3598
40.0648
46.3353
25.9942
39.3202
40.2842
19.4697
39.7285
33.7375
33.8847
41.6540
16.4339
40.2582
16.4666
49.1425
29.4516
21.4719
39.1309
39.8210
39.6357
18.3823
14.8314
9.7564
10.3028
28.4412
15.9637
30.9889
32.4443
17.79 24
26.3870
32.9605 
21.9237
31.4444
35.3556
39.2553
39.2823
40.0494
39.4797
29.1274
39.7196
41.8849
39.5172
39.5129
40.8167
40.0739
39.4771
32.5445
35.3955
39.4458
42.0915
34.3455
24.6646
16.4949
23.4209
26.6912
17.7702
5.9143
11.8990
28.5143
26.9393
6.1408
26.7247
18.9035
23.4067
39.2480
39.4617
39.2672
28.4714
39.6211
23.6066 
32.3142
39.3459
40.1423
40.9513
39.3942
39.2682
40.5376
8.6372 
38.8515
39.1149
36.4934
30.6110
42.4467
44.5270
12.8723
40.4947 
52.8625
20.3372
27.6331
27.5073
24.1164
24.5723
34.9555
38.0620 
25.4368
24.9736
33.6817
36.3047
35.4729
39.0045
39.3100
25.0460 
51.6749
40.4297
41.4123
41.6992
39.9725
38.0971
41.6553
40.2561 
41.4958
60.5751
56.0275
41.8982
45.3573
33.4737
20.7776
40.3750
39.2453
28.1332
37.1617
23.0314
39.6432
39.2321
41.3023
40.4781
39.8991
14 .9979
37.1823
34.4542
39.2859
40.4081
43.3828
40.0997
40.5222
29.4788
39.7533
40.2501
40.7392
15.5023
46.0915
40.7787
39.8471 
38.9627
39.5316
30.6364
42.8724
27.8241
41.0184
28.5320
18.4154 
25.4018
34.1537
17.0520
25.0578
25.0305
28.3608
35.4221
28.4 165
26.7925
13.8743
27.1259
15.5418
17.6216
16.8924
19.4570
27.2157
18.5089
15.7478
24.1496
10.2061
35.7521
27.5974
33.2159
26.3740
26.2698
12.9276
29.0587
28.9910
18.5859
6.7506
15.4508
9.7492
17.5239 
18.2168
17.3805
25.8458
20.2407
34.8964
21.0735
18.1587
16.8066 
34.3999
12.7281
19.3786
15.7308
28.9861
14.7314
39.5959
26.8986 
18.5089
22.9100
19.9115
18.4956
31.8316
10.6027
4.4326
25.2086
22.1490
24.7103
10.9458
43.6427
12.1028
18.3063
24.7464
16.6975
9.6309
51.1212
38.2185
37.7565
39.8076
39.4275
40.2642
40.2438
40.8820 
39.6077
44.3234
40.0686
39.5459
55.7455
28.4446
58.4277
8.7081 
18.1579
9.5504
2.2653
6.8999
11.0240
10.8294
10.6598
10.5646
10.6511
8.2872
10.7988
10.0305
5.8782
9.5666
9.5342
9.1744
9.4730
8.6215
10.3959
8.8704
9.3598
11.2429
7.6204
10.0910
9.5362 
10.2297
9.4758
9.2141
7.8160
16.5211
8.1645
8.3254
13.6815 
7.2224
10.9701
8.9030
9.7342
9.8212
9.8679
9.8749
9.9678
9.9027
9.8160
9.6444
9.7302
9.6923
9.6225
9.7607
9.7948
9.8232
9.7308
9.7592
9.7592
9.7137
9.6890
