9.8824
9.8906
9.9456
9.9142
9.8671 
9.8815
9.9655
9.8851
9.8589
9.9195
9.9738
9.9922
10.8994
10.8454
10.3850
9.0056
9.8022
9.9876
9.8350
9.8333
9.8972
9.9264
9.9041
9.8786
9.9100
9.9846
9.8492
9.8830
9.9481
9.9270
9.8556
9.8949
9.9878
9.8504
9.8997
9.9069
9.9547
9.8571
9.8899
9.8890
9.8864
9.8610
9.8993
9.9622
9.8742
9.8792
9.9001
9.9540
9.8840
9.9055
9.9659
9.9772
9.8592
14.4577
7.8017
11.2462
10.4599
11.4428
10.0161
8.2860
4.2329
15.2139 
15.3279
7.3863
14.7811
10.2544
27.8225
15.7844
15.2487
6.9471 
14.4933
14.4679
8.2369
17.9158
24.8604
23.4700
30.6300
13.1646
31.1359
31.6162
31.0175
27.5309
14.7799
23.9250
31.3743
33.2924
32.3543
31.3786
39.7461
20.5826
33.3581
11.9463
27.1069
29.2082
30.8538 
11.4159
25.9537
27.1441
22.9973
24.6200
17.7732
25.5704
27.7158
19.2070
17.6460
24.1522
33.0456
30.3752
17.4845
17.7201
26.1161 
26.8786
23.4485
17.1118
30.6821
37.3318
27.1642
20.9914
13.6559
27.6616
39.3458
36.4351
16.1262
10.5220
24.8514
29.0752
29.0506
25.8189
11.4779
34.5855
25.2894
35.3199
11.9049
12.7590
16.7996
31.7661 
15.6860
21.7290
24.8575
22.8478
26.2358
17.7928
18.9271
30.8848 
16.0882
21.8866
21.0364
7.5414
33.3045
19.4118
19.7219
12.4819
23.6220
21.6142
19.5407
22.1933
20.9656
15.1149
25.5005
22.7106
25.3441
7.0977
15.4189
17.2652
22.8805
16.8779
26.2816
15.4147
22.4216
22.3313
21.3365
16.3441
18.6811
18.1891
18.9897
28.9143
9.7642
20.4052
27.0624
19.9769
13.7410
38.6719
19.0506
20.6871
21.3540 
11.5696
18.8267
27.5906
12.4400
41.9846
12.7433
15.5107
30.0618 
18.2952
21.4137
15.8421
19.2744
15.3784
22.2575
18.3990
18.0686 
13.6174
20.9533
15.4292
24.7207
13.8727
24.5176
29.4417
16.6587
12.9377
31.3277
22.3004
14.3281
16.8201
18.4876
16.6576
15.7211
23.4102
27.2322
13.0060
22.3738
33.7331
26.2756
14.2659
20.9101
22.3173
19.3292
19.6573
17.8166
11.9165
22.8634
26.7915
14.3040
14.5716
12.6564
28.8610
15.6445
24.0837
22.2915
12.8806
17.0089
13.6216
9.0195
25.0289
15.3357
6.1058
10.9212
11.1376
12.4154
8.3035
10.3506
11.0160
9.5311
11.8412
10.0548
10.2196
10.5276
7.6533 
8.7929
9.0119
9.3456
9.7749
10.0743
9.9438
10.0224
9.8159
9.8248
9.8434
9.9571
8.6368
9.6726
9.5399
9.7137
9.5946
9.6819
10.8963
10.7158
10.0603
9.6362
9.6191
9.4851
9.7987
10.0007
9.9110
9.8946
9.8564
