9.8514
9.8383
9.8912
9.9430
9.8485
9.8622 
9.9395
9.7981
9.8510
9.9007
9.9716
9.8648
9.8245
10.0311
9.9305
9.8765
9.8420
9.8516
9.8949
9.7871
9.9399
13.9642
27.6115
14.1254
16.8914
16.2365
7.5239
23.5163
13.1148
20.5089
33.4163
39.8481
40.5579
42.2156
52.3321
41.9610
42.2694
40.1726
50.1835 
43.8462
40.5249
39.7577
48.6245
43.0223
41.6895
35.1588
41.3091 
39.2693
41.5947
39.7207
39.4880
46.1020
39.8099
47.2927
40.2069
39.5224
40.8013
40.4565
43.6041
52.5442
43.5774
40.3594
42.8369
43.4256
43.4149
39.7699
41.7098
42.7832
47.5574
50.9574
46.6885
39.9766
47.3436
39.2016
39.8191
41.2688
40.7639
40.9716
39.5701
42.7279
44.0445
39.2253
40.1700
43.9033
38.1562
54.7323
39.2300
44.5587 
65.7852
39.8462
39.4130
41.4004
44.1880
31.0429
40.1297
42.5690
53.7532
58.8248
40.4609
42.5830
39.6883
39.5697
40.4962
52.1588
46.2500
40.5481
32.3641
40.5549
43.8500
39.5026
39.7263
39.5072
16.1401
42.9997
39.1762
44.3848
41.4982
46.5464
41.4169
45.4533
39.8265 
46.6187
43.8083
43.7578
41.2867
51.0557
40.7068
40.4729
39.2612 
43.0104
40.1839
41.5603
43.2449
46.5260
51.9355
44.2532
44.6868
48.1999
42.5140
41.7868
45.7966
39.5626
43.8032
40.1156
40.2650
48.3318
39.5628
52.4699
39.3784
41.7758
44.4566
40.7399
49.3052
47.1038
40.5197
40.9648
41.1550
45.2840
46.7392
39.3765
40.2562
39.5992
39.5512
40.9153
39.7630
43.3101
53.7360
39.9566
41.7353
39.7547
48.1405
35.8629
54.4917
42.9529
40.7310
42.3730
41.2854
39.9534
41.6334
39.8360
41.5795
8.0178
8.9462
6.3854
4.6561
15.7274
11.8230
6.8560
17.6974
6.7542
6.7212
9.4107
9.0570
7.0499 
21.2521
3.6907
13.1506
15.9066
14.6517
17.0033
5.6989
19.9842 
16.4950
40.7919
36.6790
39.5763
37.6146
20.9564
22.7118
32.1854
17.8102
12.4560
10.8182
14.0575
17.4797
10.5121
8.2764
11.7224
8.6587 
10.7047
9.4814
5.9838
21.3251
8.8516
9.9813
9.5307
9.5247 
9.5756
9.6255
8.3728
9.2734
9.5746
9.5485
9.5777
9.5576 
9.5564
9.5499
9.6377
9.3214
9.5357
9.3745
9.8082
9.5591 
9.7569
9.7501
9.7336
9.7155
9.7462
9.7381
9.7257
9.7622
9.7525
9.7259
9.7578
9.7114
9.7694
9.7407
9.7097
9.7497
9.7206
9.7782
9.7305
9.7179
9.7463
9.8049
9.6922
9.7306
9.7400
9.7178
9.7901
9.7885
9.7053
9.7042
9.7281
9.7310
9.7064 
9.7209
9.7412
