8.5201
7.3544
4.2816 
10.9139
10.3863
10.2564
10.2838
10.1430
10.0757
10.2920
9.6627 
9.7565
10.1167
10.1210
9.8325
10.2794
10.6665
9.8586
8.5653
10.8680
9.5201
9.9038
9.8498
10.0217
9.9185
9.6925
9.7225
9.7052
9.7701
9.8076
9.8113
9.7546
9.7411
9.7991 
9.7938
9.7668
9.7282
9.8097
9.8375
10.8820
9.2855
9.4601 
10.1783
12.9758
10.0401
7.1008
26.1797
18.2087
7.4193
13.4518 
26.6806
14.2906
13.8567
6.3950
10.6156
9.2382
9.3988
10.96 09
8.7570
8.9735
10.1207
10.2322
10.0243
9.9329
9.5780
9.5848
9.5580
9.7182
9.7988
9.7912
9.6717
9.7907
9.6843
9.0037
8.9501
10.2814
9.1958
12.7758
17.3054
17.4880
8.7441
11.7892
14.5187
8.0201
7.1280
8.9673
9.4198
12.6542
10.4235
11.5047
10.2593 
10.1026
9.7072
11.3477
11.2394
10.3280
9.9118
9.4992
8.9100
11.0493
8.7305
9.4270
9.2226
11.5030
9.5603
9.7411
10.8858
18.6763
21.2433
25.1424
12.5340
2.1442
24.8194
38.3234
31.5556
26.0435
39.2528
39.6038
39.2311
39.4706
39.5333
40.7532
39.4491
39.6811
39.4325
39.4671
39.6984
39.4118
41.4043
41.9631
35.5615
38.3408 
50.0149
43.7504
41.4665
39.4758
39.7145
41.1544
40.3056
33.6307 
57.3414
41.9202
33.2611
3.4157
18.2203
20.4477
26.5647
19.3190 
40.9528
30.7701
19.7411
10.8618
41.5546
43.5428
39.3301
41.969 2
41.4408
44.4507
40.6191
38.7968
39.8967
39.3057
39.2678
12.9798
51.3192
43.8386
39.3614
15.4330
24.2127
39.6641
39.7608
39.3546
39 .2480
40.0173
31.0415
10.9945
37.3010
18.0634
25.2794
28.1837
17.7783
27.7263
13.4148
28.1336
30.2465
11.1002
18.7445
15.3542
29.7166
39.4725
39.4542
8.1906
40.3521
39.5824
18.8471
36.3883
35.2986 
35.4956
19.1900
8.6575
7.1965
10.7305
27.9737
14.7517
10.2017 
12.5605
34.2995
13.2644
9.1590
7.9971
10.3483
20.6651
38 .0763
26.3528
14.1982
15.5355
44.3771
42.2738
39.4135
42.2938
4 3.3133
41.2022
38.2896
40.6896
39.4120
11.1535
2.0709
10.4291
23.2665
35.8980
19.0764
15.2739
7.8425
38.4687
4.7478
9.8069
5.2690
22.5627
12.0045
7.1086
10.8616
9.9670
10.0965
9.0633
10.4907
7.5475 
13.2388
8.0265
17.1664
10.6861
10.6934
10.3745
10.3876
10.2540 
10.0781
9.9736
9.5187
9.6517
9.7218
9.8080
9.7667
9.9050
9.6212
9.9981
12.8759
8.7688
17.0584
11.2557
10.9336
9.3680
11.1476
11.3989
14.1223
10.0368
7.1895
4.4737
2.9819
13.1336
11.8688 
8.5644
10.1927
6.8821
13.0851
9.9105
7.3332
8.6685
14.9706 
13.6180
8.5314
6.1676
10.5020
12.8257
11.5874
9.4982
9.1355
8.2955
9.9027
11.1471
10.7472
8.4219
9.3765
10.1353
10.5393
9.9643 
9.6045
9.1855
9.9212
9.5278
9.6928
9.7112
9.7358
8.9883 
9.6629
9.9289
9.4927
9.3091
8.8130
8.5077
8.1257
6.8564
9.7409
11.2618
11.7997
12.9601
13.6675
14.1257
28.7582
51.4119 
43.6125
14.9930
22.4670
18.8905
5.5750
15.3162
49.2623
39.4042
20 .8304
42.8195
43.1023
42.0373
42.7704
39.2839
25.1346
39.4383
39.2713
39.6445
39.9363
39.2341
39.6825
39.2481
40.4930
40.2091
40.7853
22.0196
34.2344
38.6335
37.1630
24.7767
37.9809
29.4403
42 .6052
39.6508
39.5692
39.6051
41.6302
40.9626
41.6667
36.2897
46 .5853
39.6259
26.8059
35.7104
40.7459
21.0506
35.3763
35.6760
15.7390 
35.4587
39.7153
39.2739
39.2633
40.9362
39.9321
39.3833
39 .4284
39.3684
39.2681
41.2516
35.2649
39.9832
13.9642
39.9468
25.5041 
31.3855
32.0612
39.9618
39.8522
39.3594
25.0619
39.5491
39.7693 
39.6091
39.0918
39.5328
39.4190
44.4643
40.2338
39.4972
39.946 5
39.3010
39.7474
25.0168
39.8983
40.1405
39.4873
39.3478
34.4295
39.3278
39.5092
40.3987
21.4532
41.9682
34.2863
26.2862
25.7982
28.3969
25.8885
32.5636
37.7000
10.2405
43.7789
40.1065
39.4616
41.0573
42.4370
41.9923
40.8789
39.4384
39.6092
39.5095
40.1283
39.2957 
40.0034
39.8905
39.5142
34.2034
33.8458
37.6111
31.5178
40. 1312
41.8631
41.3793
39.5689
39.3576
29.8490
51.3602
40.8440
56.0081
25.9342
39.2581
49.7236
39.5210
35.5373
6.7700
6.3291
12.8703
9.5337
12.3279
9.4106
9.6205
7.7438
11.6430
10.2735
10.1768
10.4312 
12.2516
9.2570
6.4380
11.8852
11.5587
9.8021
9.5826
9.8339 
9.7068
9.7327
9.7771
9.6248
9.6743
10.3169
9.9561
9.8 115
9.6716
9.2155
9.9492
9.7592
10.1912
9.6812
10.1036
9.7990
10.1992
9.4426
11.6022
5.4906
10.4923
13.2010
10.1170
9.7758
9.8705
9.7862
9.7694
9.6728
9.6838
9.7868
9.7708
9.7688
9.8095 
9.7987
9.7459
9.7716
9.7469
9.7500
9.7229
9.7030
9.9385 
9.8361
9.5275
9.9227
9.7544
8.9302
9.4183
10.2536
9.5213 
9.8257
9.6651
9.7184
9.8314
9.8660
9.7939
9.7609
9.7001 
9.7688
9.8098
9.7065
9.7342
9.7544
9.7961
9.7356
9.7273